 i am here1
 i am here1
 i am here2
 nao           8
 nae           8
 niao          24
 nmul           1
 nameDMCH                                                                                                                                                                                                    
 coordC       6.0000000000000000        0.0000000000000000        2.3494057954498642        1.2595364833289251     
 coordC       6.0000000000000000        0.0000000000000000        2.3494057954498642       -1.2595364833289251     
 coordC       6.0000000000000000        0.0000000000000000        0.0000000000000000       -2.7356998322937791     
 coordC       6.0000000000000000        0.0000000000000000       -2.3494057954498642       -1.2595364833289251     
 coordC       6.0000000000000000        0.0000000000000000       -2.3494057954498642        1.2595364833289251     
 coordC       6.0000000000000000        0.0000000000000000        0.0000000000000000        2.7356998322937791     
 coordH       1.0000000000000000        0.0000000000000000        4.0993299899836213        2.2871223118019541     
 coordH       1.0000000000000000        0.0000000000000000        4.0993299899836213       -2.2871223118019541     
 coordH       1.0000000000000000        0.0000000000000000       -4.0993299899836213       -2.2871223118019541     
 coordH       1.0000000000000000        0.0000000000000000       -4.0993299899836213        2.2871223118019541     
 coordC       6.0000000000000000        0.0000000000000000        0.0000000000000000        5.2588905121974427     
 coordH       1.0000000000000000        0.0000000000000000        1.7251007520385679        6.3250021873627240     
 coordH       1.0000000000000000        0.0000000000000000       -1.7251007520385679        6.3250021873627240     
 coordC       6.0000000000000000        0.0000000000000000        0.0000000000000000       -5.2588905121974427     
 coordH       1.0000000000000000        0.0000000000000000        1.7251007520385679       -6.3250021873627240     
 coordH       1.0000000000000000        0.0000000000000000       -1.7251007520385679       -6.3250021873627240     
 at_index, orb_type           1 pz                            
 at_index, orb_type           2 pz                            
 at_index, orb_type           3 pz                            
 at_index, orb_type           4 pz                            
 at_index, orb_type           5 pz                            
 at_index, orb_type           6 pz                            
 at_index, orb_type          11 pz                            
 at_index, orb_type          14 pz                            
 atoset_array          25           0           0           0           0           0           0           0           0           0
 atoset_array          26           0           0           0           0           0           0           0           0           0
 atoset_array          27           0           0           0           0           0           0           0           0           0
 atoset_array          28           0           0           0           0           0           0           0           0           0
 atoset_array          29           0           0           0           0           0           0           0           0           0
 atoset_array          30           0           0           0           0           0           0           0           0           0
 atoset_array           0           0           0           0           0           0           0           0           0           0
 atoset_array           0           0           0           0           0           0           0           0           0           0
 orbsym_array           0           0           0           0           0           0           0           0           0           0
 orbsym_array           0           0           0           0           0           0           0           0           0           0
 orbsym_array          25          26          27          28          29          30          31          32           0           0
 orbsym_array           0           0           0           0           0           0           0           0           0           0
 atn_array           1           1           1           1           1           1           0           0           0           0           1           0           0           1           0           0           0           0           0           0           0           0           0           0           0           0           0           0           0           0           0           0           0           0           0           0           0           0           0           0           0           0           0           0           0           0           0           0           0           0           0           0           0           0           0           0           0           0           0           0           0           0           0           0           0           0           0           0           0           0           0           0           0           0           0           0           0           0           0           0           0           0           0           0           0           0           0           0           0           0           0           0           0           0           0           0           0           0           0           0           0           0           0           0           0           0           0           0           0           0           0           0           0           0           0           0           0           0           0           0           0           0           0           0           0           0           0           0           0           0           0           0           0           0           0           0           0           0           0           0           0           0           0           0           0           0           0           0           0           0           0           0           0           0           0           0           0           0           0           0           0           0           0           0           0           0           0           0           0           0           0           0           0           0           0           0           0           0           0           0           0           0           0           0           0           0           0           0           0           0           0           0           0           0           0           0           0           0           0           0
 active_atom_array           1           2           3           4           5           6          11          14           0           0           0           0           0           0           0           0           0           0           0           0           0           0           0           0           0           0           0           0           0           0
 norbsym_array           0           0           8           0           0           0           0           0           0           0           0           0           0           0           0           0           0           0           0           0           0           0           0           0           0           0           0           0           0           0           0           0           0           0           0           0           0           0           0           0           0           0           0           0           0           0           0           0           0           0
 keywd_line          30
 total_atoms          16 bohr 
 chinst           1
 symm           1
 nset           0
 mout           1
 intra atomic bond           1
 neighbour atomic bond           2
 symmetry breaking bond           3
 user defined bond           0
 user defined radical           0
 Current working directory: /home/sourav/Desktop/SYMM_VB_SOFTWARE/Fortran_subroutines
 symm,asymm           1           0
 structure typecov           1
 symat_arrayC    C    C    C    C    C    H    H    H    H    C    H    H    C    H    H                                                                                                                                                                                                                                                                                                                                                                                                                                        
 coordx   0.0000000000000000        0.0000000000000000        0.0000000000000000        0.0000000000000000        0.0000000000000000        0.0000000000000000        0.0000000000000000        0.0000000000000000        0.0000000000000000        0.0000000000000000        0.0000000000000000        0.0000000000000000        0.0000000000000000        0.0000000000000000        0.0000000000000000        0.0000000000000000        0.0000000000000000        0.0000000000000000        0.0000000000000000        0.0000000000000000        0.0000000000000000        0.0000000000000000        0.0000000000000000        0.0000000000000000        0.0000000000000000        0.0000000000000000        0.0000000000000000        0.0000000000000000        0.0000000000000000        0.0000000000000000        0.0000000000000000        0.0000000000000000        0.0000000000000000        0.0000000000000000        0.0000000000000000        0.0000000000000000        0.0000000000000000        0.0000000000000000        0.0000000000000000        0.0000000000000000        0.0000000000000000        0.0000000000000000        0.0000000000000000        0.0000000000000000        0.0000000000000000        0.0000000000000000        0.0000000000000000        0.0000000000000000        0.0000000000000000        0.0000000000000000        0.0000000000000000        0.0000000000000000        0.0000000000000000        0.0000000000000000        0.0000000000000000        0.0000000000000000        0.0000000000000000        0.0000000000000000        0.0000000000000000        0.0000000000000000        0.0000000000000000        0.0000000000000000        0.0000000000000000        0.0000000000000000        0.0000000000000000        0.0000000000000000        0.0000000000000000        0.0000000000000000        0.0000000000000000        0.0000000000000000        0.0000000000000000        0.0000000000000000        0.0000000000000000        0.0000000000000000        0.0000000000000000        0.0000000000000000        0.0000000000000000        0.0000000000000000        0.0000000000000000        0.0000000000000000        0.0000000000000000        0.0000000000000000        0.0000000000000000        0.0000000000000000        0.0000000000000000        0.0000000000000000        0.0000000000000000        0.0000000000000000        0.0000000000000000        0.0000000000000000        0.0000000000000000        0.0000000000000000        0.0000000000000000        0.0000000000000000        0.0000000000000000        0.0000000000000000        0.0000000000000000        0.0000000000000000        0.0000000000000000        0.0000000000000000     
 coordy   2.3494057954498642        2.3494057954498642        0.0000000000000000       -2.3494057954498642       -2.3494057954498642        0.0000000000000000        4.0993299899836213        4.0993299899836213       -4.0993299899836213       -4.0993299899836213        0.0000000000000000        1.7251007520385679       -1.7251007520385679        0.0000000000000000        1.7251007520385679       -1.7251007520385679        0.0000000000000000        0.0000000000000000        0.0000000000000000        0.0000000000000000        0.0000000000000000        0.0000000000000000        0.0000000000000000        0.0000000000000000        0.0000000000000000        0.0000000000000000        0.0000000000000000        0.0000000000000000        0.0000000000000000        0.0000000000000000        0.0000000000000000        0.0000000000000000        0.0000000000000000        0.0000000000000000        0.0000000000000000        0.0000000000000000        0.0000000000000000        0.0000000000000000        0.0000000000000000        0.0000000000000000        0.0000000000000000        0.0000000000000000        0.0000000000000000        0.0000000000000000        0.0000000000000000        0.0000000000000000        0.0000000000000000        0.0000000000000000        0.0000000000000000        0.0000000000000000        0.0000000000000000        0.0000000000000000        0.0000000000000000        0.0000000000000000        0.0000000000000000        0.0000000000000000        0.0000000000000000        0.0000000000000000        0.0000000000000000        0.0000000000000000        0.0000000000000000        0.0000000000000000        0.0000000000000000        0.0000000000000000        0.0000000000000000        0.0000000000000000        0.0000000000000000        0.0000000000000000        0.0000000000000000        0.0000000000000000        0.0000000000000000        0.0000000000000000        0.0000000000000000        0.0000000000000000        0.0000000000000000        0.0000000000000000        0.0000000000000000        0.0000000000000000        0.0000000000000000        0.0000000000000000        0.0000000000000000        0.0000000000000000        0.0000000000000000        0.0000000000000000        0.0000000000000000        0.0000000000000000        0.0000000000000000        0.0000000000000000        0.0000000000000000        0.0000000000000000        0.0000000000000000        0.0000000000000000        0.0000000000000000        0.0000000000000000        0.0000000000000000        0.0000000000000000        0.0000000000000000        0.0000000000000000        0.0000000000000000        0.0000000000000000     
 coordz   1.2595364833289251       -1.2595364833289251       -2.7356998322937791       -1.2595364833289251        1.2595364833289251        2.7356998322937791        2.2871223118019541       -2.2871223118019541       -2.2871223118019541        2.2871223118019541        5.2588905121974427        6.3250021873627240        6.3250021873627240       -5.2588905121974427       -6.3250021873627240       -6.3250021873627240        0.0000000000000000        0.0000000000000000        0.0000000000000000        0.0000000000000000        0.0000000000000000        0.0000000000000000        0.0000000000000000        0.0000000000000000        0.0000000000000000        0.0000000000000000        0.0000000000000000        0.0000000000000000        0.0000000000000000        0.0000000000000000        0.0000000000000000        0.0000000000000000        0.0000000000000000        0.0000000000000000        0.0000000000000000        0.0000000000000000        0.0000000000000000        0.0000000000000000        0.0000000000000000        0.0000000000000000        0.0000000000000000        0.0000000000000000        0.0000000000000000        0.0000000000000000        0.0000000000000000        0.0000000000000000        0.0000000000000000        0.0000000000000000        0.0000000000000000        0.0000000000000000        0.0000000000000000        0.0000000000000000        0.0000000000000000        0.0000000000000000        0.0000000000000000        0.0000000000000000        0.0000000000000000        0.0000000000000000        0.0000000000000000        0.0000000000000000        0.0000000000000000        0.0000000000000000        0.0000000000000000        0.0000000000000000        0.0000000000000000        0.0000000000000000        0.0000000000000000        0.0000000000000000        0.0000000000000000        0.0000000000000000        0.0000000000000000        0.0000000000000000        0.0000000000000000        0.0000000000000000        0.0000000000000000        0.0000000000000000        0.0000000000000000        0.0000000000000000        0.0000000000000000        0.0000000000000000        0.0000000000000000        0.0000000000000000        0.0000000000000000        0.0000000000000000        0.0000000000000000        0.0000000000000000        0.0000000000000000        0.0000000000000000        0.0000000000000000        0.0000000000000000        0.0000000000000000        0.0000000000000000        0.0000000000000000        0.0000000000000000        0.0000000000000000        0.0000000000000000        0.0000000000000000        0.0000000000000000        0.0000000000000000        0.0000000000000000     
 symatno_array   6.0000000000000000        6.0000000000000000        6.0000000000000000        6.0000000000000000        6.0000000000000000        6.0000000000000000        1.0000000000000000        1.0000000000000000        1.0000000000000000        1.0000000000000000        6.0000000000000000        1.0000000000000000        1.0000000000000000        6.0000000000000000        1.0000000000000000        1.0000000000000000        0.0000000000000000        0.0000000000000000        0.0000000000000000        0.0000000000000000        0.0000000000000000        0.0000000000000000        0.0000000000000000        0.0000000000000000        0.0000000000000000        0.0000000000000000        0.0000000000000000        0.0000000000000000        0.0000000000000000        0.0000000000000000        0.0000000000000000        0.0000000000000000        0.0000000000000000        0.0000000000000000        0.0000000000000000        0.0000000000000000        0.0000000000000000        0.0000000000000000        0.0000000000000000        0.0000000000000000        0.0000000000000000        0.0000000000000000        0.0000000000000000        0.0000000000000000        0.0000000000000000        0.0000000000000000        0.0000000000000000        0.0000000000000000        0.0000000000000000        0.0000000000000000        0.0000000000000000        0.0000000000000000        0.0000000000000000        0.0000000000000000        0.0000000000000000        0.0000000000000000        0.0000000000000000        0.0000000000000000        0.0000000000000000        0.0000000000000000        0.0000000000000000        0.0000000000000000        0.0000000000000000        0.0000000000000000        0.0000000000000000        0.0000000000000000        0.0000000000000000        0.0000000000000000        0.0000000000000000        0.0000000000000000        0.0000000000000000        0.0000000000000000        0.0000000000000000        0.0000000000000000        0.0000000000000000        0.0000000000000000        0.0000000000000000        0.0000000000000000        0.0000000000000000        0.0000000000000000        0.0000000000000000        0.0000000000000000        0.0000000000000000        0.0000000000000000        0.0000000000000000        0.0000000000000000        0.0000000000000000        0.0000000000000000        0.0000000000000000        0.0000000000000000        0.0000000000000000        0.0000000000000000        0.0000000000000000        0.0000000000000000        0.0000000000000000        0.0000000000000000        0.0000000000000000        0.0000000000000000        0.0000000000000000        0.0000000000000000     
 i am here5
 nao, nae, nmul           8           8           1
 geometry_unitbohr 
 file_nameDMCH                                                                                                
 chinst, symm, set_order, nset, mout, ovlp, itb           1           1           0           0           1           0           1
 nnb, syb, mnbond, radical, mnbond, main_bond           2           3           0           0           0
 from_fortran:symat, coordx, coordy, coordz, symatno C       0.0000000000000000        2.3494057954498642        1.2595364833289251                6
 from_fortran:symat, coordx, coordy, coordz, symatno C       0.0000000000000000        2.3494057954498642       -1.2595364833289251                6
 from_fortran:symat, coordx, coordy, coordz, symatno C       0.0000000000000000        0.0000000000000000       -2.7356998322937791                6
 from_fortran:symat, coordx, coordy, coordz, symatno C       0.0000000000000000       -2.3494057954498642       -1.2595364833289251                6
 from_fortran:symat, coordx, coordy, coordz, symatno C       0.0000000000000000       -2.3494057954498642        1.2595364833289251                6
 from_fortran:symat, coordx, coordy, coordz, symatno C       0.0000000000000000        0.0000000000000000        2.7356998322937791                6
 from_fortran:symat, coordx, coordy, coordz, symatno H       0.0000000000000000        4.0993299899836213        2.2871223118019541                1
 from_fortran:symat, coordx, coordy, coordz, symatno H       0.0000000000000000        4.0993299899836213       -2.2871223118019541                1
 from_fortran:symat, coordx, coordy, coordz, symatno H       0.0000000000000000       -4.0993299899836213       -2.2871223118019541                1
 from_fortran:symat, coordx, coordy, coordz, symatno H       0.0000000000000000       -4.0993299899836213        2.2871223118019541                1
 from_Fortran: atoset           25           0           0           0           0           0           0           0           0           0
 from_Fortran: atoset           26           0           0           0           0           0           0           0           0           0
 from_Fortran: atoset           27           0           0           0           0           0           0           0           0           0
 from_Fortran: atoset           28           0           0           0           0           0           0           0           0           0
 from_Fortran: atoset           29           0           0           0           0           0           0           0           0           0
 from_Fortran: atoset           30           0           0           0           0           0           0           0           0           0
 from_Fortran: atoset            0           0           0           0           0           0           0           0           0           0
 from_Fortran: atoset            0           0           0           0           0           0           0           0           0           0
 from_Fortran: atoset            0           0           0           0           0           0           0           0           0           0
 from_Fortran: atoset            0           0           0           0           0           0           0           0           0           0
 from_Fortran: atoset           31           0           0           0           0           0           0           0           0           0
 from_Fortran: atoset            0           0           0           0           0           0           0           0           0           0
 from_Fortran: atoset            0           0           0           0           0           0           0           0           0           0
 from_Fortran: atoset           32           0           0           0           0           0           0           0           0           0
 from_Fortran: atoset            0           0           0           0           0           0           0           0           0           0
 from_Fortran: atoset            0           0           0           0           0           0           0           0           0           0
 from_fortran: norbsym_array           0           0           8           0           0           0           0           0           0           0
 from_fortran: active_atom_array           1           2           3           4           5           6          11          14           0           0
 from_fortran: atn_array           1           1           1           1           1           1           0           0           0           0
 from_Fortran: orbsym            0           0           0           0           0           0           0           0           0           0
 from_Fortran: orbsym            0           0           0           0           0           0           0           0           0           0
 from_Fortran: orbsym           25          26          27          28          29          30          31          32           0           0
 from_Fortran: orbsym            0           0           0           0           0           0           0           0           0           0
 from_Fortran: orbsym            0           0           0           0           0           0           0           0           0           0
 from_Fortran: orbsym            0           0           0           0           0           0           0           0           0           0
 from_Fortran: orbsym            0           0           0           0           0           0           0           0           0           0
 from_Fortran: orbsym            0           0           0           0           0           0           0           0           0           0
 from_Fortran: orbsym            0           0           0           0           0           0           0           0           0           0
 from_Fortran: orbsym            0           0           0           0           0           0           0           0           0           0
 iiiii           1
 iiiii           2
 iiiii           3
 iiiii           4
 iiiii           5
 iiiii           6
 iiiii           7
 iiiii           8
 iiiii           9
 iiiii          10
 iiiii          11
 iiiii          12
 iiiii          13
 at_num          16           6           6           6           6           6           6           6           6           0           0           0           0           0           0           0           0           0           0           0           0           0           0           0           0           0           0           0           0           0           0           0           0           0           0           0           0           0           0           0           0           0           0           0           0           0           0           0           0           0           0           0           0           0           0           0           0           0           0           0           0           0           0           0           0           0           0           0           0           0           0           0           0           0           0           0           0           0           0           0           0           0           0           0           0           0           0           0           0           8
 atsymset
 atsymset           1           1          25          26          27          28          29          30          31          32
 enter geocal           0           0
